2012-09-05 13:22:05 607.50 [128 128 128 128 128 128 128 128 128 128 133 132 132 132 132 131 131 131
 131 132 132 132 132 131 131 131 131 130 130 130 130 129 129 129 129 129
 129 129 129 128 128 128 128 128 128 128 128 128 127 127 127 127 127 127
 127 127 127 127 127 127 127 127 127 127 127 127 127 128 129 129 129 129
 129 129 129 129 129 129 129 129 129 129 129 129 129 129 129 128 128 128
 128 128 128 128 128 128 128 128 128 128 128 128 128 128 128 128 128 128
 128 128 128 128 129 129 129 129 129 129 129 129 129 129 129 129 130 130
 130 130 130 130 130 130 129 130 130 130 130 131 131 131 131 131 131 131
 130 130 130 130 130 130 130 130 130 129 129 129 129 128 128 128 128 127
 127 127 127 126 126 126 126 126 126 125 125 125 125 124 124 123 123 123
 123 122 122 122 122 123 122 122 122 122 122 123 123 123 123 124 124 125
 124 124 124 126 126 126 126 126 127 126 126 126 126 126 126 126 126 126
 125 125 126 126 126 126 126 126 126 126 126 127 127 127 126 126 125 125
 125 125 126 126 126 126 125 125 125 125 125 125 125 124 124 123 123 123
 124 124 124 124 124 124 124 124 125 125 125 125 125 125 125 126 127 128
 129 129 129 131 131 131 131 132 133 133 133 133 134 135 135 135 135 136
 135 135 135 135 135 133 133 133 133 132 131 131 131 131 130 129 129 129
 129 128 127 127 127 127 127 127 127 127 127 127 126 126 126 126 126 125
 125 125 125 124 125 125 124 124 124 124 123 123 123 122 123 123 123 123
 123 124 124 124 124 125 125 125 126 126 126 126 127 128 128 129 129 129
 129 129 129 129 129 129 129 129 129 129 129 129 129 129 128 127 126 126
 126 126 126 126 126 126 126 126 126 126 126 126 126 126 126 126 127 127
 128 129 129 129 129 129 129 129 130 130 130 130 130 130 130 130 130 130
 130 130 129 129 129 129 129 128 128 128 127 127 127 126 126 126 126 126
 126 125 125 124 124 124 123 123 123 123 123 122 122 122 122 123 123 123
 123 123 123 124 124 125 125 125 126 126 126 128 128 129 129 130 130 130
 130 130 131 131 131 131 131 131 131 131 131 131 131 130 130 130 130 129
 129 129 128 128 127 127 127 127 127 127 126 126 126 125 125 125 125 124
 124 124 124 124 125 125 125 125 125 125 125 125 126 126 126 127 127 127
 128 130 130 131 131 131 132 132 132 133 134 134 134 134 134 134 134 134
 134 134 133 132 132 131 131 131 130 130 130 129 128 128 128 128 128 128
 128 128 128 128 128 128 128 128 128 128 128 128 128 128 128 128 130 130
 130 131 133 134 135 136 138 141 142 144 146 147 150 152 153 156 158 160
 161 163 166 166 169 169 170 172 173 171 174 172 174 175 173 173 173 172
 173 171 170 169 168 168 163 164 163 161 158 157 154 155 151 149 148 146
 145 143 140 140 138 137 135 134 134 132 131 130 129 129 128 126 126 125
 125 124 124 124 124 124 123 123 123 122 121 121 121 120 121 121 120 121
 121 121 121 122 120 119 118 116 117 115 114 112 111 110 107 106 104  99
  97  95  93  89  87  84  84  82  79  79  78  77  75  76  77  76  78  80
  82  87  90  92  94  99 101 104 106 109 113 117 119 124 130 133 138 143
 147 150 153 154 157 157 161 161 163 165 165 167 168 167 166 165 162 162
 159 156 153 150 148 147 145 145 141 141 139 137 137 135 134 134 134 133
 133 133 128 128 128 128 128 128 128 128 128 128] 
2012-09-05 13:22:08 607.50 [128 128 128 128 128 128 128 128 128 128 133 133 132 132 132 131 131 131
 131 132 132 132 131 131 131 130 130 130 130 130 130 129 129 129 129 129
 129 129 129 128 128 128 128 128 128 128 128 128 128 128 128 128 128 128
 128 128 128 128 128 128 128 128 128 128 128 128 128 128 128 128 128 128
 128 128 128 128 128 128 128 128 128 128 128 128 128 128 128 128 128 128
 128 128 128 128 128 128 128 128 128 128 128 128 128 128 128 128 128 128
 129 129 129 129 129 129 129 129 129 129 129 129 129 129 129 129 130 130
 130 130 129 129 129 129 130 130 130 130 130 130 130 131 131 131 131 131
 130 130 130 130 130 130 130 130 129 129 129 129 129 129 129 128 128 127
 127 127 127 126 126 126 126 126 126 125 125 124 124 124 124 123 123 123
 123 123 123 122 122 123 122 122 122 122 122 123 123 124 124 123 123 124
 124 124 124 125 125 126 126 126 127 126 126 126 126 126 126 126 126 127
 127 127 126 126 126 126 126 126 126 126 126 127 126 126 126 126 125 125
 125 125 125 125 126 125 125 125 125 125 125 125 124 124 125 124 123 123
 124 124 123 123 123 123 123 124 124 124 124 124 125 125 126 126 127 128
 129 129 130 130 132 132 133 133 134 134 134 135 135 135 135 135 135 136
 135 135 135 135 134 134 133 133 132 132 131 131 131 130 130 130 129 129
 128 127 127 127 127 127 127 127 127 127 126 126 126 126 126 126 126 126
 125 125 126 125 125 125 124 124 124 123 123 123 124 123 123 123 123 123
 123 123 124 124 124 125 125 125 126 126 126 127 127 127 127 128 129 129
 129 129 129 129 129 129 129 129 129 129 129 129 129 128 128 128 127 127
 126 126 126 126 126 126 126 126 126 126 126 126 126 126 126 127 127 127
 128 129 129 129 129 129 129 129 129 129 129 130 130 130 130 130 130 130
 130 130 129 129 128 128 128 128 128 128 128 128 127 126 126 126 126 126
 126 125 124 124 124 124 125 124 123 123 123 123 122 122 123 123 123 123
 123 123 123 124 125 125 125 125 125 127 128 128 128 128 129 129 130 130
 130 130 130 131 131 131 131 131 131 131 131 130 130 130 130 130 130 130
 128 128 128 128 128 127 127 127 126 126 126 125 125 125 125 125 124 124
 124 124 125 125 125 125 125 125 125 125 126 126 126 127 127 127 127 127
 128 130 130 131 131 131 132 132 132 133 134 134 134 134 134 134 134 134
 134 134 133 132 132 131 131 131 130 130 130 129 128 128 128 128 128 128
 128 128 128 128 128 128 128 128 128 128 128 128 128 128 128 128 130 130
 131 131 133 134 135 136 138 141 142 144 145 147 150 152 153 157 158 160
 160 163 165 166 168 169 170 172 173 171 174 172 175 174 173 173 173 171
 173 171 172 169 168 168 165 164 163 160 159 158 154 155 151 150 148 146
 145 143 140 140 137 137 135 134 133 132 131 131 128 128 128 126 126 125
 125 124 124 124 124 123 123 123 123 122 121 121 121 120 121 121 121 121
 121 121 121 122 120 119 119 117 117 115 115 112 111 111 107 106 104  99
  96  95  93  89  87  84  84  82  78  79  78  77  74  76  77  74  78  80
  82  87  90  92  94  99 101 104 106 109 114 117 120 125 129 133 138 143
 147 149 152 154 157 157 160 161 164 165 165 167 167 167 165 165 163 162
 158 157 153 151 149 147 144 145 142 141 138 137 137 136 135 134 134 132
 132 133 128 128 128 128 128 128 128 128 128 128] 
2012-09-05 13:22:11 607.50 [128 128 128 128 128 128 128 128 128 128 133 132 132 132 132 131 131 131
 131 132 132 131 131 131 131 131 130 130 130 130 130 130 129 129 129 129
 129 129 129 128 128 128 128 128 128 128 128 128 128 127 127 127 127 127
 127 127 127 127 127 127 127 127 128 128 127 128 128 128 128 129 129 129
 129 129 129 129 129 129 129 129 129 129 128 128 129 128 128 128 128 128
 128 128 128 128 128 128 128 128 128 128 128 128 128 128 128 128 128 128
 128 128 129 129 129 129 129 129 129 129 129 129 129 129 129 129 130 130
 130 130 130 130 129 129 129 130 130 130 130 130 130 130 130 131 131 131
 130 130 130 130 130 130 130 130 130 129 129 129 129 129 129 129 129 128
 128 127 127 127 126 126 126 126 126 126 125 125 125 125 124 123 123 123
 123 121 121 122 122 122 122 122 122 122 122 122 123 123 123 123 123 124
 124 124 124 126 126 126 126 126 127 126 126 126 126 126 126 126 126 126
 127 127 127 126 126 126 126 126 126 126 126 127 127 126 126 126 125 125
 125 125 125 125 125 126 126 125 125 125 125 125 125 125 124 124 123 123
 124 124 124 124 124 124 124 124 124 125 125 125 125 125 125 125 126 128
 129 129 130 130 131 131 132 132 132 133 133 134 135 135 135 135 135 135
 135 135 135 135 134 134 133 133 132 132 132 131 131 130 129 129 129 129
 129 128 128 127 127 127 127 127 127 127 127 126 126 126 126 126 126 125
 125 125 125 125 125 125 125 124 124 123 123 123 123 123 123 123 123 123
 123 124 124 124 124 125 125 125 125 126 126 127 127 127 127 128 128 128
 129 129 129 129 129 129 129 129 129 128 128 128 128 128 128 128 127 127
 127 127 126 126 126 126 126 126 126 126 126 127 127 127 127 127 127 127
 128 129 129 129 129 129 130 130 130 130 130 130 130 130 130 130 130 130
 130 130 130 129 128 128 128 128 127 127 127 127 127 127 127 126 126 126
 126 126 125 125 124 124 125 125 124 123 123 122 122 122 122 122 122 123
 123 123 123 123 124 124 125 125 125 125 126 127 128 129 129 129 130 130
 130 130 131 131 131 131 131 131 131 131 131 131 131 131 130 130 130 130
 129 129 128 128 127 127 127 127 127 127 126 126 126 125 125 124 124 124
 124 124 124 124 125 125 125 125 125 125 125 125 126 126 126 127 127 128
 129 130 130 131 131 131 131 132 132 133 134 134 134 134 134 134 134 134
 134 133 133 132 132 131 131 131 131 130 130 129 128 128 128 128 128 128
 128 128 128 128 128 128 128 128 128 128 128 128 128 128 128 128 130 130
 131 131 133 134 135 136 138 141 142 144 146 147 149 152 154 156 158 160
 161 163 165 167 168 169 170 171 174 171 174 173 174 174 174 173 172 172
 173 171 170 168 168 167 164 164 163 162 157 157 155 154 152 151 149 147
 146 144 141 141 139 139 136 135 135 132 131 130 130 129 126 126 125 124
 124 123 123 123 122 122 122 122 122 121 120 121 121 120 119 120 121 121
 121 121 121 122 120 119 120 117 117 115 115 112 111 110 107 105 105 100
  98  95  94  90  87  84  84  82  79  79  78  77  74  76  77  76  79  82
  83  88  90  93  94  99 102 105 107 110 113 117 120 124 130 134 138 143
 146 148 152 153 156 156 159 160 162 164 164 165 167 167 165 165 162 161
 159 156 153 152 148 148 145 145 142 141 139 137 137 137 135 134 134 133
 133 133 128 128 128 128 128 128 128 128 128 128] 
